Date,*,Description,*,*,Amount,*
DEBIT,03/12/2025,Wealthfront      EDI PYMNTS F5458E284B1745  WEB ID: 4271967207,-806.52,MISC_DEBIT,1902.00,,
CREDIT,03/12/2025,PAYPAL           TRANSFER                   PPD ID: PAYPALSD11,9.00,MISC_CREDIT,2708.52,,
CHECK,03/11/2025,CHECK 141  ,-107.00,CHECK_PAID,2699.52,141,
DEBIT,03/11/2025,Wealthfront      EDI PYMNTS EEC864D535DB48  WEB ID: 4271967207,-3913.66,MISC_DEBIT,2806.52,,
CREDIT,03/10/2025,Zelle payment from REID MICHAELS WFCT0YLX6CDL,806.52,PARTNERFI_TO_CHASE,6720.18,,
CREDIT,03/06/2025,Mercari Inc.     EDI PYMNTS                 PPD ID: 2464549955,44.41,ACH_CREDIT,5913.66,,
CREDIT,02/27/2025,VENMO            CASHOUT                    PPD ID: 5264681992,525.00,MISC_CREDIT,5869.25,,
CREDIT,02/27/2025,OR REVENUE DEPT  ORSTTAXRFD                 PPD ID: 9302015003,945.00,ACH_CREDIT,5344.25,,
CREDIT,02/27/2025,IRS  TREAS 310     TAX REF                  PPD ID: 9111736959,1491.00,ACH_CREDIT,4399.25,,
CREDIT,02/26/2025,Mercari Inc.     EDI PYMNTS                 PPD ID: 2464549955,268.62,ACH_CREDIT,2908.25,,
DEBIT,02/24/2025,PAYPAL *DITTASEKAR 402-935-7733 CA           02/21,-133.00,DEBIT_CARD,2639.63,,
CREDIT,02/20/2025,REAL TIME TRANSFER RECD FROM ABA/CONTR BNK-021000021  FROM: BNF-Kathleen Ashley Via WISE REF: 1229708753-Cny mom INFO: TEXT-  IID: 20250220021000021P1BRJPC09360208625 RECD: 22:54:47 TRN: 1565322051GB,395.17,MISC_CREDIT,2772.63,,
DSLIP,02/18/2025,REMOTE ONLINE DEPOSIT #          1,20.00,CHECK_DEPOSIT,2377.46,1,
CREDIT,02/05/2025,Mercari Inc.     EDI PYMNTS                 PPD ID: 2464549955,412.62,ACH_CREDIT,2357.46,,
DEBIT,02/04/2025,CHECK OR SUPPLY  ORDER                      PPD ID: 1410216800,-30.00,FEE_TRANSACTION,1944.84,,
DSLIP,02/03/2025,REMOTE ONLINE DEPOSIT #          1,1974.84,CHECK_DEPOSIT,1974.84,1,
