Date,Description,Amount,Running Bal.
05/06/2023,Beginning balance as of 05/06/2023,,"52,520.52"
05/08/2023,"Wealthfront Inc. DES:EDI PYMNTS ID:DB5F7E45734B4F INDN:Adrien Protzel CO ID:XXXXX67207 WEB","-100.00","52,420.52"
05/11/2023,"OR TLR transfer Banking Ctr CORVALLIS #0002860 OR Confirmation# XXXXX89121","730.10","53,150.62"
05/15/2023,"BANK OF AMERICA CREDIT CARD Bill Payment","-832.10","52,318.52"
05/22/2023,"Online Banking transfer to CHK 8920 Confirmation# XXXXX54862","-100.00","52,218.52"
06/02/2023,"Agent Assisted transfer from CHK 8920 Confirmation# tu1lxxq71","1,500.00","53,718.52"
06/02/2023,"Agent Assisted transfer to CHK 8920 Confirmation# XXXXX20793","-1,400.00","52,318.52"
06/02/2023,"WIRE TYPE:WIRE OUT DATE:230602 TIME:1732 ET TRN:XXXXXXXXXX390839 SERVICE REF:019206 BNF:ADRIEN J PROTZEL ID:XXXXX4267 BNF BK:ALL AMERI CA BANK ID:XXXXX3182 PMT DET:6DQCGMCTZ POP Family support","-48,837.02","3,481.50"
06/02/2023,"ROCKET MORTGAGE DES:MTG PYMTS ID:XXXXX45588 INDN:ADRIEN PROTZEL CO ID:XXXXX56513 WEB","-1,475.75","2,005.75"
06/02/2023,"ROCKET MORTGAGE DES:MTG PYMTS ID:XXXXX45588 INDN:ADRIEN PROTZEL CO ID:XXXXX56513 WEB","-1,475.75","530.00"
06/02/2023,"Wire Transfer Fee","-30.00","500.00"
06/06/2023,"Interest Earned","1.17","501.17"
